me.png
61 105 127 104
1.jpg
19 52 71 51
2.jpg
25 52 70 53
3.jpg
32 54 78 55
4.jpg
25 53 72 51
5.jpg
6 60 56 59
face1.jpg
9 21 47 19
face10.jpg
10 23 45 23
face11.jpg
6 20 42 20
face12.jpg
7 23 46 23
face13.jpg
7 19 40 16
face14.jpg
8 17 43 16
face15.jpg
10 25 47 23
face16.jpg
9 20 45 20
face17.jpg
9 24 45 23
face18.jpg
14 27 48 21
face19.jpg
10 22 47 19
face2.jpg
4 21 42 20
face20.jpg
10 21 43 22
face21.jpg
8 21 44 19
face22.jpg
9 21 46 21
face23.jpg
11 23 49 23
face24.jpg
11 24 50 22
face25.jpg
8 21 44 17
face26.jpg
6 24 43 18
face27.jpg
10 26 49 24
face28.jpg
13 24 50 22
face29.jpg
13 24 47 22
face3.jpg
14 22 47 24
face30.jpg
7 16 46 17
face31.jpg
9 21 50 26
face32.jpg
6 25 50 23
face33.jpg
13 25 49 24
face34.jpg
6 23 47 21
face35.jpg
7 21 43 16
face36.jpg
11 25 48 20
face4.jpg
6 19 43 19
face5.jpg
12 26 49 23
face6.jpg
10 22 52 20
face7.jpg
9 20 44 20
face8.jpg
10 20 46 21
face9.jpg
6 19 45 18
1 (2).pgm
21 47 67 47
1 (3).pgm
23 56 70 59
1 (4).pgm
17 51 71 55
1.pgm
19 51 71 51
10 (2).pgm
21 50 66 48
10 (3).pgm
26 54 73 59
10 (4).pgm
38 59 82 55
10.pgm
25 53 82 48
11.pgm
22 55 70 49
12.pgm
26 51 71 53
13.pgm
22 53 68 54
14.pgm
26 49 73 52
15.pgm
20 52 69 51
16.pgm
28 51 73 56
17.pgm
25 54 68 52
18.pgm
25 54 69 54
19.pgm
30 47 70 53
2 (2).pgm
24 48 69 50
2 (3).pgm
35 54 79 57
2 (4).pgm
11 55 61 59
2.pgm
25 45 83 45
20.pgm
20 54 69 54
3 (2).pgm
12 49 60 51
3 (3).pgm
22 57 70 57
3 (4).pgm
20 54 73 58
3.pgm
17 49 69 46
4 (2).pgm
19 45 67 47
4 (3).pgm
13 51 56 56
4 (4).pgm
36 54 82 55
4.pgm
7 49 68 45
5 (2).pgm
23 45 70 46
5 (3).pgm
7 50 53 58
5 (4).pgm
40 54 85 53
5.pgm
27 47 84 43
6 (2).pgm
19 46 66 48
6 (3).pgm
23 55 72 59
6 (4).pgm
18 54 69 59
6.pgm
5 49 63 45
7 (2).pgm
17 44 67 45
7 (3).pgm
19 54 71 59
7 (4).pgm
19 47 65 49
7.pgm
15 49 71 46
8 (2).pgm
18 53 69 55
8 (3).pgm
6 54 55 59
121 (2).pgm
18 48 68 50
121 (3).pgm
19 54 69 56
121 (4).pgm
24 55 75 57
121.pgm
16 46 70 52
1210.pgm
16 47 68 51
122 (2).pgm
22 47 75 50
122 (3).pgm
25 56 74 55
122 (4).pgm
24 55 73 58
122.pgm
19 44 74 49
123 (2).pgm
16 47 62 50
123 (3).pgm
17 53 63 55
123 (4).pgm
26 54 76 61
123.pgm
19 46 76 51
124 (2).pgm
12 46 63 44
124 (3).pgm
21 54 69 54
124 (4).pgm
12 56 62 57
124.pgm
19 46 74 52
125 (2).pgm
20 46 72 46
125 (3).pgm
17 49 65 49
125 (4).pgm
12 55 58 60
125.pgm
21 47 74 53
126 (2).pgm
19 49 68 51
126 (3).pgm
17 49 64 50
126 (4).pgm
18 56 74 57
me.png
61 105 127 104
